Method: A thread per row
row=10 col=10
415 370 445 460 475 490 505 520 535 550 
940 820 1020 1060 1100 1140 1180 1220 1260 1300 
1465 1270 1595 1660 1725 1790 1855 1920 1985 2050 
1990 1720 2170 2260 2350 2440 2530 2620 2710 2800 
2515 2170 2745 2860 2975 3090 3205 3320 3435 3550 
3040 2620 3320 3460 3600 3740 3880 4020 4160 4300 
3565 3070 3895 4060 4225 4390 4555 4720 4885 5050 
4090 3520 4470 4660 4850 5040 5230 5420 5610 5800 
4615 3970 5045 5260 5475 5690 5905 6120 6335 6550 
5140 4420 5620 5860 6100 6340 6580 6820 7060 7300 
